% start	end	CellId	IMSI	RNTI	LCID	nTxPDUs	TxBytes	nRxPDUs	RxBytes	delay	stdDev	min	max	PduSize	stdDev	min	max
0.25	0.5	1	1	1	3	41	58753	40	57320	0.003	0	0.003	0.003	1433	0	1433	1433	
0.25	0.5	1	2	2	3	41	58753	40	57320	0.003	0	0.003	0.003	1433	0	1433	1433	
0.5	0.75	1	1	1	3	112	160496	112	160496	0.003	0	0.003	0.003	1433	0	1433	1433	
0.5	0.75	1	2	2	3	111	159063	111	159063	0.003	0	0.003	0.003	1433	0	1433	1433	
0.75	1	1	1	1	3	111	159063	111	159063	0.003	0	0.003	0.003	1433	0	1433	1433	
0.75	1	1	2	2	3	112	160496	112	160496	0.003	0	0.003	0.003	1433	0	1433	1433	
1	1.25	1	1	1	3	112	160496	112	160496	0.003	0	0.003	0.003	1433	0	1433	1433	
1	1.25	1	2	2	3	112	160496	112	160496	0.003	0	0.003	0.003	1433	0	1433	1433	
1.25	1.5	1	1	1	3	112	160496	112	160496	0.003	0	0.003	0.003	1433	0	1433	1433	
1.25	1.5	1	2	2	3	111	159063	111	159063	0.003	0	0.003	0.003	1433	0	1433	1433	
1.5	1.75	1	1	1	3	111	159063	111	159063	0.003	0	0.003	0.003	1433	0	1433	1433	
1.5	1.75	1	2	2	3	112	160496	112	160496	0.003	0	0.003	0.003	1433	0	1433	1433	
1.75	2	1	1	1	3	112	160496	112	160496	0.003	0	0.003	0.003	1433	0	1433	1433	
1.75	2	1	2	2	3	111	159063	111	159063	0.003	0	0.003	0.003	1433	0	1433	1433	
2	2.25	1	1	1	3	111	159063	112	160496	0.003	0	0.003	0.003	1433	0	1433	1433	
2	2.25	1	2	2	3	112	160496	112	160496	0.003	0	0.003	0.003	1433	0	1433	1433	
2.25	2.5	1	1	1	3	112	160496	111	159063	0.003	0	0.003	0.003	1433	0	1433	1433	
2.25	2.5	1	2	2	3	112	160496	112	160496	0.003	0	0.003	0.003	1433	0	1433	1433	
2.5	2.75	1	1	1	3	112	160496	112	160496	0.003	0	0.003	0.003	1433	0	1433	1433	
2.5	2.75	1	2	2	3	111	159063	111	159063	0.003	0	0.003	0.003	1433	0	1433	1433	
2.75	3	1	1	1	3	111	159063	111	159063	0.003	0	0.003	0.003	1433	0	1433	1433	
2.75	3	1	2	2	3	112	160496	112	160496	0.003	0	0.003	0.003	1433	0	1433	1433	
3	3.25	1	1	1	3	112	160496	112	160496	0.003	0	0.003	0.003	1433	0	1433	1433	
3	3.25	1	2	2	3	111	159063	112	160496	0.003	0	0.003	0.003	1433	0	1433	1433	
3.25	3.5	1	1	1	3	111	159063	112	160496	0.003	0	0.003	0.003	1433	0	1433	1433	
3.25	3.5	1	2	2	3	112	160496	111	159063	0.003	0	0.003	0.003	1433	0	1433	1433	
3.5	3.75	1	1	1	3	112	160496	111	159063	0.003	0	0.003	0.003	1433	0	1433	1433	
3.5	3.75	1	2	2	3	112	160496	112	160496	0.003	0	0.003	0.003	1433	0	1433	1433	
3.75	4	1	1	1	3	112	160496	112	160496	0.003	0	0.003	0.003	1433	0	1433	1433	
3.75	4	1	2	2	3	111	159063	111	159063	0.003	0	0.003	0.003	1433	0	1433	1433	
4	4.25	1	1	1	3	111	159063	111	159063	0.003	0	0.003	0.003	1433	0	1433	1433	
4	4.25	1	2	2	3	112	160496	112	160496	0.003	0	0.003	0.003	1433	0	1433	1433	
4.25	4.5	1	1	1	3	112	160496	112	160496	0.003	0	0.003	0.003	1433	0	1433	1433	
4.25	4.5	1	2	2	3	111	159063	112	160496	0.003	0	0.003	0.003	1433	0	1433	1433	
4.5	4.75	1	1	1	3	111	159063	112	160496	0.003	0	0.003	0.003	1433	0	1433	1433	
4.5	4.75	1	2	2	3	112	160496	111	159063	0.003	0	0.003	0.003	1433	0	1433	1433	
4.75	5	1	1	1	3	112	160496	111	159063	0.003	0	0.003	0.003	1433	0	1433	1433	
4.75	5	1	2	2	3	112	160496	112	160496	0.003	0	0.003	0.003	1433	0	1433	1433	
5	5.25	1	1	1	3	112	160496	112	160496	0.003	0	0.003	0.003	1433	0	1433	1433	
5	5.25	1	2	2	3	111	159063	111	159063	0.003	0	0.003	0.003	1433	0	1433	1433	
5.25	5.5	1	1	1	3	111	159063	111	159063	0.003	0	0.003	0.003	1433	0	1433	1433	
5.25	5.5	1	2	2	3	112	160496	112	160496	0.003	0	0.003	0.003	1433	0	1433	1433	
5.5	5.75	1	1	1	3	112	160496	112	160496	0.003	0	0.003	0.003	1433	0	1433	1433	
5.5	5.75	1	2	2	3	111	159063	112	160496	0.003	0	0.003	0.003	1433	0	1433	1433	
5.75	6	1	1	1	3	112	160496	112	160496	0.003	0	0.003	0.003	1433	0	1433	1433	
5.75	6	1	2	2	3	112	160496	111	159063	0.003	0	0.003	0.003	1433	0	1433	1433	
6	6.25	1	1	1	3	111	159063	111	159063	0.003	0	0.003	0.003	1433	0	1433	1433	
6	6.25	1	2	2	3	112	160496	112	160496	0.003	0	0.003	0.003	1433	0	1433	1433	
6.25	6.5	1	1	1	3	112	160496	112	160496	0.003	0	0.003	0.003	1433	0	1433	1433	
6.25	6.5	1	2	2	3	111	159063	111	159063	0.003	0	0.003	0.003	1433	0	1433	1433	
6.5	6.75	1	1	1	3	111	159063	111	159063	0.003	0	0.003	0.003	1433	0	1433	1433	
6.5	6.75	1	2	2	3	112	160496	112	160496	0.003	0	0.003	0.003	1433	0	1433	1433	
6.75	7	1	1	1	3	112	160496	112	160496	0.003	0	0.003	0.003	1433	0	1433	1433	
6.75	7	1	2	2	3	112	160496	112	160496	0.003	0	0.003	0.003	1433	0	1433	1433	
7	7.25	1	1	1	3	112	160496	112	160496	0.003	0	0.003	0.003	1433	0	1433	1433	
7	7.25	1	2	2	3	111	159063	111	159063	0.003	0	0.003	0.003	1433	0	1433	1433	
7.25	7.5	1	1	1	3	111	159063	111	159063	0.003	0	0.003	0.003	1433	0	1433	1433	
7.25	7.5	1	2	2	3	112	160496	112	160496	0.003	0	0.003	0.003	1433	0	1433	1433	
7.5	7.75	1	1	1	3	112	160496	112	160496	0.003	0	0.003	0.003	1433	0	1433	1433	
7.5	7.75	1	2	2	3	111	159063	111	159063	0.003	0	0.003	0.003	1433	0	1433	1433	
7.75	8	1	1	1	3	111	159063	111	159063	0.003	0	0.003	0.003	1433	0	1433	1433	
7.75	8	1	2	2	3	112	160496	112	160496	0.003	0	0.003	0.003	1433	0	1433	1433	
8	8.25	1	1	1	3	112	160496	112	160496	0.003	0	0.003	0.003	1433	0	1433	1433	
8	8.25	1	2	2	3	112	160496	112	160496	0.003	0	0.003	0.003	1433	0	1433	1433	
8.25	8.5	1	1	1	3	112	160496	112	160496	0.003	0	0.003	0.003	1433	0	1433	1433	
8.25	8.5	1	2	2	3	111	159063	111	159063	0.003	0	0.003	0.003	1433	0	1433	1433	
8.5	8.75	1	1	1	3	111	159063	111	159063	0.003	0	0.003	0.003	1433	0	1433	1433	
8.5	8.75	1	2	2	3	112	160496	112	160496	0.003	0	0.003	0.003	1433	0	1433	1433	
8.75	9	1	1	1	3	112	160496	112	160496	0.003	0	0.003	0.003	1433	0	1433	1433	
8.75	9	1	2	2	3	111	159063	111	159063	0.003	0	0.003	0.003	1433	0	1433	1433	
9	9.25	1	1	1	3	111	159063	112	160496	0.003	0	0.003	0.003	1433	0	1433	1433	
9	9.25	1	2	2	3	112	160496	112	160496	0.003	0	0.003	0.003	1433	0	1433	1433	
9.25	9.5	1	1	1	3	112	160496	111	159063	0.003	0	0.003	0.003	1433	0	1433	1433	
9.25	9.5	1	2	2	3	112	160496	112	160496	0.003	0	0.003	0.003	1433	0	1433	1433	
9.5	9.75	1	1	1	3	112	160496	112	160496	0.003	0	0.003	0.003	1433	0	1433	1433	
9.5	9.75	1	2	2	3	111	159063	111	159063	0.003	0	0.003	0.003	1433	0	1433	1433	
9.75	10	1	1	1	3	111	159063	111	159063	0.003	0	0.003	0.003	1433	0	1433	1433	
9.75	10	1	2	2	3	112	160496	112	160496	0.003	0	0.003	0.003	1433	0	1433	1433	
10	10.25	1	1	1	3	112	160496	112	160496	0.003	0	0.003	0.003	1433	0	1433	1433	
10	10.25	1	2	2	3	111	159063	112	160496	0.003	0	0.003	0.003	1433	0	1433	1433	
10.25	10.5	1	1	1	3	111	159063	112	160496	0.003	0	0.003	0.003	1433	0	1433	1433	
10.25	10.5	1	2	2	3	112	160496	111	159063	0.003	0	0.003	0.003	1433	0	1433	1433	
10.5	10.75	1	1	1	3	112	160496	111	159063	0.003	0	0.003	0.003	1433	0	1433	1433	
10.5	10.75	1	2	2	3	112	160496	112	160496	0.003	0	0.003	0.003	1433	0	1433	1433	
10.75	11	1	1	1	3	112	160496	112	160496	0.003	0	0.003	0.003	1433	0	1433	1433	
10.75	11	1	2	2	3	111	159063	111	159063	0.003	0	0.003	0.003	1433	0	1433	1433	
11	11.25	1	1	1	3	111	159063	111	159063	0.003	0	0.003	0.003	1433	0	1433	1433	
11	11.25	1	2	2	3	112	160496	112	160496	0.003	0	0.003	0.003	1433	0	1433	1433	
11.25	11.5	1	1	1	3	112	160496	112	160496	0.003	0	0.003	0.003	1433	0	1433	1433	
11.25	11.5	1	2	2	3	111	159063	112	160496	0.003	0	0.003	0.003	1433	0	1433	1433	
11.5	11.75	1	1	1	3	111	159063	112	160496	0.003	0	0.003	0.003	1433	0	1433	1433	
11.5	11.75	1	2	2	3	112	160496	111	159063	0.003	0	0.003	0.003	1433	0	1433	1433	
11.75	12	1	1	1	3	112	160496	111	159063	0.003	0	0.003	0.003	1433	0	1433	1433	
11.75	12	1	2	2	3	112	160496	112	160496	0.003	0	0.003	0.003	1433	0	1433	1433	
12	12.25	1	1	1	3	112	160496	112	160496	0.003	0	0.003	0.003	1433	0	1433	1433	
12	12.25	1	2	2	3	111	159063	111	159063	0.003	0	0.003	0.003	1433	0	1433	1433	
12.25	12.5	1	1	1	3	111	159063	111	159063	0.003	0	0.003	0.003	1433	0	1433	1433	
12.25	12.5	1	2	2	3	112	160496	112	160496	0.003	0	0.003	0.003	1433	0	1433	1433	
12.5	12.75	1	1	1	3	112	160496	112	160496	0.003	0	0.003	0.003	1433	0	1433	1433	
12.5	12.75	1	2	2	3	111	159063	112	160496	0.003	0	0.003	0.003	1433	0	1433	1433	
12.75	13	1	1	1	3	112	160496	112	160496	0.003	0	0.003	0.003	1433	0	1433	1433	
12.75	13	1	2	2	3	112	160496	111	159063	0.003	0	0.003	0.003	1433	0	1433	1433	
13	13.25	1	1	1	3	111	159063	111	159063	0.003	0	0.003	0.003	1433	0	1433	1433	
13	13.25	1	2	2	3	112	160496	112	160496	0.003	0	0.003	0.003	1433	0	1433	1433	
13.25	13.5	1	1	1	3	112	160496	112	160496	0.003	0	0.003	0.003	1433	0	1433	1433	
13.25	13.5	1	2	2	3	111	159063	111	159063	0.003	0	0.003	0.003	1433	0	1433	1433	
13.5	13.75	1	1	1	3	111	159063	111	159063	0.003	0	0.003	0.003	1433	0	1433	1433	
13.5	13.75	1	2	2	3	112	160496	112	160496	0.003	0	0.003	0.003	1433	0	1433	1433	
13.75	14	1	1	1	3	112	160496	112	160496	0.003	0	0.003	0.003	1433	0	1433	1433	
13.75	14	1	2	2	3	112	160496	112	160496	0.003	0	0.003	0.003	1433	0	1433	1433	
14	14.25	1	1	1	3	112	160496	112	160496	0.003	0	0.003	0.003	1433	0	1433	1433	
14	14.25	1	2	2	3	111	159063	111	159063	0.003	0	0.003	0.003	1433	0	1433	1433	
14.25	14.5	1	1	1	3	111	159063	111	159063	0.003	0	0.003	0.003	1433	0	1433	1433	
14.25	14.5	1	2	2	3	112	160496	112	160496	0.003	0	0.003	0.003	1433	0	1433	1433	
14.5	14.75	1	1	1	3	112	160496	112	160496	0.003	0	0.003	0.003	1433	0	1433	1433	
14.5	14.75	1	2	2	3	111	159063	111	159063	0.003	0	0.003	0.003	1433	0	1433	1433	
14.75	15	1	1	1	3	111	159063	111	159063	0.003	0	0.003	0.003	1433	0	1433	1433	
14.75	15	1	2	2	3	112	160496	112	160496	0.003	0	0.003	0.003	1433	0	1433	1433	
