% time	cellId	IMSI	RNTI	sinrLinear
0.041	1	1	1	5324.58
0.042	1	2	2	5324.58
0.081	1	1	1	5324.57
0.082	1	2	2	5324.57
0.121	1	1	1	5324.57
0.122	1	2	2	5324.57
0.161	1	1	1	5324.57
0.162	1	2	2	5324.57
0.201	1	1	1	5324.57
0.202	1	2	2	5324.57
0.241	1	1	1	5324.57
0.242	1	2	2	5324.57
0.281	1	1	1	5324.57
0.282	1	2	2	5324.57
0.321	1	1	1	5324.57
0.322	1	2	2	5324.57
0.361	1	1	1	5324.57
0.362	1	2	2	5324.57
0.401	1	1	1	5324.57
0.402	1	2	2	5324.57
0.441	1	1	1	5324.57
0.442	1	2	2	5324.57
0.481	1	1	1	5324.57
0.482	1	2	2	5324.57
0.521	1	1	1	5324.57
0.522	1	2	2	5324.57
0.561	1	1	1	5324.57
0.562	1	2	2	5324.57
0.601	1	1	1	5324.57
0.602	1	2	2	5324.57
0.641	1	1	1	5324.57
0.642	1	2	2	5324.57
0.681	1	1	1	5324.57
0.682	1	2	2	5324.57
0.721	1	1	1	5324.57
0.722	1	2	2	5324.57
0.761	1	1	1	5324.57
0.762	1	2	2	5324.57
0.801	1	1	1	5324.57
0.802	1	2	2	5324.57
0.841	1	1	1	5324.57
0.842	1	2	2	5324.57
0.881	1	1	1	5324.57
0.882	1	2	2	5324.57
0.921	1	1	1	5324.57
0.922	1	2	2	5324.57
0.961	1	1	1	5324.57
0.962	1	2	2	5324.57
1.001	1	1	1	5324.57
1.002	1	2	2	5324.57
1.041	1	1	1	5324.57
1.042	1	2	2	5324.57
1.081	1	1	1	5324.57
1.082	1	2	2	5324.57
1.121	1	1	1	5324.57
1.122	1	2	2	5324.57
1.161	1	1	1	5324.57
1.162	1	2	2	5324.57
1.201	1	1	1	5324.57
1.202	1	2	2	5324.57
1.241	1	1	1	5324.57
1.242	1	2	2	5324.57
1.281	1	1	1	5324.57
1.282	1	2	2	5324.57
1.321	1	1	1	5324.57
1.322	1	2	2	5324.57
1.361	1	1	1	5324.57
1.362	1	2	2	5324.57
1.401	1	1	1	5324.57
1.402	1	2	2	5324.57
1.441	1	1	1	5324.57
1.442	1	2	2	5324.57
1.481	1	1	1	5324.57
1.482	1	2	2	5324.57
1.521	1	1	1	5324.57
1.522	1	2	2	5324.57
1.561	1	1	1	5324.57
1.562	1	2	2	5324.57
1.601	1	1	1	5324.57
1.602	1	2	2	5324.57
1.641	1	1	1	5324.57
1.642	1	2	2	5324.57
1.681	1	1	1	5324.57
1.682	1	2	2	5324.57
1.721	1	1	1	5324.57
1.722	1	2	2	5324.57
1.761	1	1	1	5324.57
1.762	1	2	2	5324.57
1.801	1	1	1	5324.57
1.802	1	2	2	5324.57
1.841	1	1	1	5324.57
1.842	1	2	2	5324.57
1.881	1	1	1	5324.57
1.882	1	2	2	5324.57
1.921	1	1	1	5324.57
1.922	1	2	2	5324.57
1.961	1	1	1	5324.57
1.962	1	2	2	5324.57
2.001	1	1	1	5324.57
2.002	1	2	2	5324.57
2.041	1	1	1	5324.57
2.042	1	2	2	5324.57
2.081	1	1	1	5324.57
2.082	1	2	2	5324.57
2.121	1	1	1	5324.57
2.122	1	2	2	5324.57
2.161	1	1	1	5324.57
2.162	1	2	2	5324.57
2.201	1	1	1	5324.57
2.202	1	2	2	5324.57
2.241	1	1	1	5324.57
2.242	1	2	2	5324.57
2.281	1	1	1	5324.57
2.282	1	2	2	5324.57
2.321	1	1	1	5324.57
2.322	1	2	2	5324.57
2.361	1	1	1	5324.57
2.362	1	2	2	5324.57
2.401	1	1	1	5324.57
2.402	1	2	2	5324.57
2.441	1	1	1	5324.57
2.442	1	2	2	5324.57
2.481	1	1	1	5324.57
2.482	1	2	2	5324.57
2.521	1	1	1	5324.57
2.522	1	2	2	5324.57
2.561	1	1	1	5324.57
2.562	1	2	2	5324.57
2.601	1	1	1	5324.57
2.602	1	2	2	5324.57
2.641	1	1	1	5324.57
2.642	1	2	2	5324.57
2.681	1	1	1	5324.57
2.682	1	2	2	5324.57
2.721	1	1	1	5324.57
2.722	1	2	2	5324.57
2.761	1	1	1	5324.57
2.762	1	2	2	5324.57
2.801	1	1	1	5324.57
2.802	1	2	2	5324.57
2.841	1	1	1	5324.57
2.842	1	2	2	5324.57
2.881	1	1	1	5324.57
2.882	1	2	2	5324.57
2.921	1	1	1	5324.57
2.922	1	2	2	5324.57
2.961	1	1	1	5324.57
2.962	1	2	2	5324.57
3.001	1	1	1	5324.57
3.002	1	2	2	5324.57
3.041	1	1	1	5324.57
3.042	1	2	2	5324.57
3.081	1	1	1	5324.57
3.082	1	2	2	5324.57
3.121	1	1	1	5324.57
3.122	1	2	2	5324.57
3.161	1	1	1	5324.57
3.162	1	2	2	5324.57
3.201	1	1	1	5324.57
3.202	1	2	2	5324.57
3.241	1	1	1	5324.57
3.242	1	2	2	5324.57
3.281	1	1	1	5324.57
3.282	1	2	2	5324.57
3.321	1	1	1	5324.57
3.322	1	2	2	5324.57
3.361	1	1	1	5324.57
3.362	1	2	2	5324.57
3.401	1	1	1	5324.57
3.402	1	2	2	5324.57
3.441	1	1	1	5324.57
3.442	1	2	2	5324.57
3.481	1	1	1	5324.57
3.482	1	2	2	5324.57
3.521	1	1	1	5324.57
3.522	1	2	2	5324.57
3.561	1	1	1	5324.57
3.562	1	2	2	5324.57
3.601	1	1	1	5324.57
3.602	1	2	2	5324.57
3.641	1	1	1	5324.57
3.642	1	2	2	5324.57
3.681	1	1	1	5324.57
3.682	1	2	2	5324.57
3.721	1	1	1	5324.57
3.722	1	2	2	5324.57
3.761	1	1	1	5324.57
3.762	1	2	2	5324.57
3.801	1	1	1	5324.57
3.802	1	2	2	5324.57
3.841	1	1	1	5324.57
3.842	1	2	2	5324.57
3.881	1	1	1	5324.57
3.882	1	2	2	5324.57
3.921	1	1	1	5324.57
3.922	1	2	2	5324.57
3.961	1	1	1	5324.57
3.962	1	2	2	5324.57
4.001	1	1	1	5324.57
4.002	1	2	2	5324.57
4.041	1	1	1	5324.57
4.042	1	2	2	5324.57
4.081	1	1	1	5324.57
4.082	1	2	2	5324.57
4.121	1	1	1	5324.57
4.122	1	2	2	5324.57
4.161	1	1	1	5324.57
4.162	1	2	2	5324.57
4.201	1	1	1	5324.57
4.202	1	2	2	5324.57
4.241	1	1	1	5324.57
4.242	1	2	2	5324.57
4.281	1	1	1	5324.57
4.282	1	2	2	5324.57
4.321	1	1	1	5324.57
4.322	1	2	2	5324.57
4.361	1	1	1	5324.57
4.362	1	2	2	5324.57
4.401	1	1	1	5324.57
4.402	1	2	2	5324.57
4.441	1	1	1	5324.57
4.442	1	2	2	5324.57
4.481	1	1	1	5324.57
4.482	1	2	2	5324.57
4.521	1	1	1	5324.57
4.522	1	2	2	5324.57
4.561	1	1	1	5324.57
4.562	1	2	2	5324.57
4.601	1	1	1	5324.57
4.602	1	2	2	5324.57
4.641	1	1	1	5324.57
4.642	1	2	2	5324.57
4.681	1	1	1	5324.57
4.682	1	2	2	5324.57
4.721	1	1	1	5324.57
4.722	1	2	2	5324.57
4.761	1	1	1	5324.57
4.762	1	2	2	5324.57
4.801	1	1	1	5324.57
4.802	1	2	2	5324.57
4.841	1	1	1	5324.57
4.842	1	2	2	5324.57
4.881	1	1	1	5324.57
4.882	1	2	2	5324.57
4.921	1	1	1	5324.57
4.922	1	2	2	5324.57
4.961	1	1	1	5324.57
4.962	1	2	2	5324.57
5.001	1	1	1	5324.57
5.002	1	2	2	5324.57
5.041	1	1	1	5324.57
5.042	1	2	2	5324.57
5.081	1	1	1	5324.57
5.082	1	2	2	5324.57
5.121	1	1	1	5324.57
5.122	1	2	2	5324.57
5.161	1	1	1	5324.57
5.162	1	2	2	5324.57
5.201	1	1	1	5324.57
5.202	1	2	2	5324.57
5.241	1	1	1	5324.57
5.242	1	2	2	5324.57
5.281	1	1	1	5324.57
5.282	1	2	2	5324.57
5.321	1	1	1	5324.57
5.322	1	2	2	5324.57
5.361	1	1	1	5324.57
5.362	1	2	2	5324.57
5.401	1	1	1	5324.57
5.402	1	2	2	5324.57
5.441	1	1	1	5324.57
5.442	1	2	2	5324.57
5.481	1	1	1	5324.57
5.482	1	2	2	5324.57
5.521	1	1	1	5324.57
5.522	1	2	2	5324.57
5.561	1	1	1	5324.57
5.562	1	2	2	5324.57
5.601	1	1	1	5324.57
5.602	1	2	2	5324.57
5.641	1	1	1	5324.57
5.642	1	2	2	5324.57
5.681	1	1	1	5324.57
5.682	1	2	2	5324.57
5.721	1	1	1	5324.57
5.722	1	2	2	5324.57
5.761	1	1	1	5324.57
5.762	1	2	2	5324.57
5.801	1	1	1	5324.57
5.802	1	2	2	5324.57
5.841	1	1	1	5324.57
5.842	1	2	2	5324.57
5.881	1	1	1	5324.57
5.882	1	2	2	5324.57
5.921	1	1	1	5324.57
5.922	1	2	2	5324.57
5.961	1	1	1	5324.57
5.962	1	2	2	5324.57
6.001	1	1	1	5324.57
6.002	1	2	2	5324.57
6.041	1	1	1	5324.57
6.042	1	2	2	5324.57
6.081	1	1	1	5324.57
6.082	1	2	2	5324.57
6.121	1	1	1	5324.57
6.122	1	2	2	5324.57
6.161	1	1	1	5324.57
6.162	1	2	2	5324.57
6.201	1	1	1	5324.57
6.202	1	2	2	5324.57
6.241	1	1	1	5324.57
6.242	1	2	2	5324.57
6.281	1	1	1	5324.57
6.282	1	2	2	5324.57
6.321	1	1	1	5324.57
6.322	1	2	2	5324.57
6.361	1	1	1	5324.57
6.362	1	2	2	5324.57
6.401	1	1	1	5324.57
6.402	1	2	2	5324.57
6.441	1	1	1	5324.57
6.442	1	2	2	5324.57
6.481	1	1	1	5324.57
6.482	1	2	2	5324.57
6.521	1	1	1	5324.57
6.522	1	2	2	5324.57
6.561	1	1	1	5324.57
6.562	1	2	2	5324.57
6.601	1	1	1	5324.57
6.602	1	2	2	5324.57
6.641	1	1	1	5324.57
6.642	1	2	2	5324.57
6.681	1	1	1	5324.57
6.682	1	2	2	5324.57
6.721	1	1	1	5324.57
6.722	1	2	2	5324.57
6.761	1	1	1	5324.57
6.762	1	2	2	5324.57
6.801	1	1	1	5324.57
6.802	1	2	2	5324.57
6.841	1	1	1	5324.57
6.842	1	2	2	5324.57
6.881	1	1	1	5324.57
6.882	1	2	2	5324.57
6.921	1	1	1	5324.57
6.922	1	2	2	5324.57
6.961	1	1	1	5324.57
6.962	1	2	2	5324.57
7.001	1	1	1	5324.57
7.002	1	2	2	5324.57
7.041	1	1	1	5324.57
7.042	1	2	2	5324.57
7.081	1	1	1	5324.57
7.082	1	2	2	5324.57
7.121	1	1	1	5324.57
7.122	1	2	2	5324.57
7.161	1	1	1	5324.57
7.162	1	2	2	5324.57
7.201	1	1	1	5324.57
7.202	1	2	2	5324.57
7.241	1	1	1	5324.57
7.242	1	2	2	5324.57
7.281	1	1	1	5324.57
7.282	1	2	2	5324.57
7.321	1	1	1	5324.57
7.322	1	2	2	5324.57
7.361	1	1	1	5324.57
7.362	1	2	2	5324.57
7.401	1	1	1	5324.57
7.402	1	2	2	5324.57
7.441	1	1	1	5324.57
7.442	1	2	2	5324.57
7.481	1	1	1	5324.57
7.482	1	2	2	5324.57
7.521	1	1	1	5324.57
7.522	1	2	2	5324.57
7.561	1	1	1	5324.57
7.562	1	2	2	5324.57
7.601	1	1	1	5324.57
7.602	1	2	2	5324.57
7.641	1	1	1	5324.57
7.642	1	2	2	5324.57
7.681	1	1	1	5324.57
7.682	1	2	2	5324.57
7.721	1	1	1	5324.57
7.722	1	2	2	5324.57
7.761	1	1	1	5324.57
7.762	1	2	2	5324.57
7.801	1	1	1	5324.57
7.802	1	2	2	5324.57
7.841	1	1	1	5324.57
7.842	1	2	2	5324.57
7.881	1	1	1	5324.57
7.882	1	2	2	5324.57
7.921	1	1	1	5324.57
7.922	1	2	2	5324.57
7.961	1	1	1	5324.57
7.962	1	2	2	5324.57
8.001	1	1	1	5324.57
8.002	1	2	2	5324.57
8.041	1	1	1	5324.57
8.042	1	2	2	5324.57
8.081	1	1	1	5324.57
8.082	1	2	2	5324.57
8.121	1	1	1	5324.57
8.122	1	2	2	5324.57
8.161	1	1	1	5324.57
8.162	1	2	2	5324.57
8.201	1	1	1	5324.57
8.202	1	2	2	5324.57
8.241	1	1	1	5324.57
8.242	1	2	2	5324.57
8.281	1	1	1	5324.57
8.282	1	2	2	5324.57
8.321	1	1	1	5324.57
8.322	1	2	2	5324.57
8.361	1	1	1	5324.57
8.362	1	2	2	5324.57
8.401	1	1	1	5324.57
8.402	1	2	2	5324.57
8.441	1	1	1	5324.57
8.442	1	2	2	5324.57
8.481	1	1	1	5324.57
8.482	1	2	2	5324.57
8.521	1	1	1	5324.57
8.522	1	2	2	5324.57
8.561	1	1	1	5324.57
8.562	1	2	2	5324.57
8.601	1	1	1	5324.57
8.602	1	2	2	5324.57
8.641	1	1	1	5324.57
8.642	1	2	2	5324.57
8.681	1	1	1	5324.57
8.682	1	2	2	5324.57
8.721	1	1	1	5324.57
8.722	1	2	2	5324.57
8.761	1	1	1	5324.57
8.762	1	2	2	5324.57
8.801	1	1	1	5324.57
8.802	1	2	2	5324.57
8.841	1	1	1	5324.57
8.842	1	2	2	5324.57
8.881	1	1	1	5324.57
8.882	1	2	2	5324.57
8.921	1	1	1	5324.57
8.922	1	2	2	5324.57
8.961	1	1	1	5324.57
8.962	1	2	2	5324.57
9.001	1	1	1	5324.57
9.002	1	2	2	5324.57
9.041	1	1	1	5324.57
9.042	1	2	2	5324.57
9.081	1	1	1	5324.57
9.082	1	2	2	5324.57
9.121	1	1	1	5324.57
9.122	1	2	2	5324.57
9.161	1	1	1	5324.57
9.162	1	2	2	5324.57
9.201	1	1	1	5324.57
9.202	1	2	2	5324.57
9.241	1	1	1	5324.57
9.242	1	2	2	5324.57
9.281	1	1	1	5324.57
9.282	1	2	2	5324.57
9.321	1	1	1	5324.57
9.322	1	2	2	5324.57
9.361	1	1	1	5324.57
9.362	1	2	2	5324.57
9.401	1	1	1	5324.57
9.402	1	2	2	5324.57
9.441	1	1	1	5324.57
9.442	1	2	2	5324.57
9.481	1	1	1	5324.57
9.482	1	2	2	5324.57
9.521	1	1	1	5324.57
9.522	1	2	2	5324.57
9.561	1	1	1	5324.57
9.562	1	2	2	5324.57
9.601	1	1	1	5324.57
9.602	1	2	2	5324.57
9.641	1	1	1	5324.57
9.642	1	2	2	5324.57
9.681	1	1	1	5324.57
9.682	1	2	2	5324.57
9.721	1	1	1	5324.57
9.722	1	2	2	5324.57
9.761	1	1	1	5324.57
9.762	1	2	2	5324.57
9.801	1	1	1	5324.57
9.802	1	2	2	5324.57
9.841	1	1	1	5324.57
9.842	1	2	2	5324.57
9.881	1	1	1	5324.57
9.882	1	2	2	5324.57
9.921	1	1	1	5324.57
9.922	1	2	2	5324.57
9.961	1	1	1	5324.57
9.962	1	2	2	5324.57
10.001	1	1	1	5324.57
10.002	1	2	2	5324.57
10.041	1	1	1	5324.57
10.042	1	2	2	5324.57
10.081	1	1	1	5324.57
10.082	1	2	2	5324.57
10.121	1	1	1	5324.57
10.122	1	2	2	5324.57
10.161	1	1	1	5324.57
10.162	1	2	2	5324.57
10.201	1	1	1	5324.57
10.202	1	2	2	5324.57
10.241	1	1	1	5324.57
10.242	1	2	2	5324.57
10.281	1	1	1	5324.57
10.282	1	2	2	5324.57
10.321	1	1	1	5324.57
10.322	1	2	2	5324.57
10.361	1	1	1	5324.57
10.362	1	2	2	5324.57
10.401	1	1	1	5324.57
10.402	1	2	2	5324.57
10.441	1	1	1	5324.57
10.442	1	2	2	5324.57
10.481	1	1	1	5324.57
10.482	1	2	2	5324.57
10.521	1	1	1	5324.57
10.522	1	2	2	5324.57
10.561	1	1	1	5324.57
10.562	1	2	2	5324.57
10.601	1	1	1	5324.57
10.602	1	2	2	5324.57
10.641	1	1	1	5324.57
10.642	1	2	2	5324.57
10.681	1	1	1	5324.57
10.682	1	2	2	5324.57
10.721	1	1	1	5324.57
10.722	1	2	2	5324.57
10.761	1	1	1	5324.57
10.762	1	2	2	5324.57
10.801	1	1	1	5324.57
10.802	1	2	2	5324.57
10.841	1	1	1	5324.57
10.842	1	2	2	5324.57
10.881	1	1	1	5324.57
10.882	1	2	2	5324.57
10.921	1	1	1	5324.57
10.922	1	2	2	5324.57
10.961	1	1	1	5324.57
10.962	1	2	2	5324.57
11.001	1	1	1	5324.57
11.002	1	2	2	5324.57
11.041	1	1	1	5324.57
11.042	1	2	2	5324.57
11.081	1	1	1	5324.57
11.082	1	2	2	5324.57
11.121	1	1	1	5324.57
11.122	1	2	2	5324.57
11.161	1	1	1	5324.57
11.162	1	2	2	5324.57
11.201	1	1	1	5324.57
11.202	1	2	2	5324.57
11.241	1	1	1	5324.57
11.242	1	2	2	5324.57
11.281	1	1	1	5324.57
11.282	1	2	2	5324.57
11.321	1	1	1	5324.57
11.322	1	2	2	5324.57
11.361	1	1	1	5324.57
11.362	1	2	2	5324.57
11.401	1	1	1	5324.57
11.402	1	2	2	5324.57
11.441	1	1	1	5324.57
11.442	1	2	2	5324.57
11.481	1	1	1	5324.57
11.482	1	2	2	5324.57
11.521	1	1	1	5324.57
11.522	1	2	2	5324.57
11.561	1	1	1	5324.57
11.562	1	2	2	5324.57
11.601	1	1	1	5324.57
11.602	1	2	2	5324.57
11.641	1	1	1	5324.57
11.642	1	2	2	5324.57
11.681	1	1	1	5324.57
11.682	1	2	2	5324.57
11.721	1	1	1	5324.57
11.722	1	2	2	5324.57
11.761	1	1	1	5324.57
11.762	1	2	2	5324.57
11.801	1	1	1	5324.57
11.802	1	2	2	5324.57
11.841	1	1	1	5324.57
11.842	1	2	2	5324.57
11.881	1	1	1	5324.57
11.882	1	2	2	5324.57
11.921	1	1	1	5324.57
11.922	1	2	2	5324.57
11.961	1	1	1	5324.57
11.962	1	2	2	5324.57
12.001	1	1	1	5324.57
12.002	1	2	2	5324.57
12.041	1	1	1	5324.57
12.042	1	2	2	5324.57
12.081	1	1	1	5324.57
12.082	1	2	2	5324.57
12.121	1	1	1	5324.57
12.122	1	2	2	5324.57
12.161	1	1	1	5324.57
12.162	1	2	2	5324.57
12.201	1	1	1	5324.57
12.202	1	2	2	5324.57
12.241	1	1	1	5324.57
12.242	1	2	2	5324.57
12.281	1	1	1	5324.57
12.282	1	2	2	5324.57
12.321	1	1	1	5324.57
12.322	1	2	2	5324.57
12.361	1	1	1	5324.57
12.362	1	2	2	5324.57
12.401	1	1	1	5324.57
12.402	1	2	2	5324.57
12.441	1	1	1	5324.57
12.442	1	2	2	5324.57
12.481	1	1	1	5324.57
12.482	1	2	2	5324.57
12.521	1	1	1	5324.57
12.522	1	2	2	5324.57
12.561	1	1	1	5324.57
12.562	1	2	2	5324.57
12.601	1	1	1	5324.57
12.602	1	2	2	5324.57
12.641	1	1	1	5324.57
12.642	1	2	2	5324.57
12.681	1	1	1	5324.57
12.682	1	2	2	5324.57
12.721	1	1	1	5324.57
12.722	1	2	2	5324.57
12.761	1	1	1	5324.57
12.762	1	2	2	5324.57
12.801	1	1	1	5324.57
12.802	1	2	2	5324.57
12.841	1	1	1	5324.57
12.842	1	2	2	5324.57
12.881	1	1	1	5324.57
12.882	1	2	2	5324.57
12.921	1	1	1	5324.57
12.922	1	2	2	5324.57
12.961	1	1	1	5324.57
12.962	1	2	2	5324.57
13.001	1	1	1	5324.57
13.002	1	2	2	5324.57
13.041	1	1	1	5324.57
13.042	1	2	2	5324.57
13.081	1	1	1	5324.57
13.082	1	2	2	5324.57
13.121	1	1	1	5324.57
13.122	1	2	2	5324.57
13.161	1	1	1	5324.57
13.162	1	2	2	5324.57
13.201	1	1	1	5324.57
13.202	1	2	2	5324.57
13.241	1	1	1	5324.57
13.242	1	2	2	5324.57
13.281	1	1	1	5324.57
13.282	1	2	2	5324.57
13.321	1	1	1	5324.57
13.322	1	2	2	5324.57
13.361	1	1	1	5324.57
13.362	1	2	2	5324.57
13.401	1	1	1	5324.57
13.402	1	2	2	5324.57
13.441	1	1	1	5324.57
13.442	1	2	2	5324.57
13.481	1	1	1	5324.57
13.482	1	2	2	5324.57
13.521	1	1	1	5324.57
13.522	1	2	2	5324.57
13.561	1	1	1	5324.57
13.562	1	2	2	5324.57
13.601	1	1	1	5324.57
13.602	1	2	2	5324.57
13.641	1	1	1	5324.57
13.642	1	2	2	5324.57
13.681	1	1	1	5324.57
13.682	1	2	2	5324.57
13.721	1	1	1	5324.57
13.722	1	2	2	5324.57
13.761	1	1	1	5324.57
13.762	1	2	2	5324.57
13.801	1	1	1	5324.57
13.802	1	2	2	5324.57
13.841	1	1	1	5324.57
13.842	1	2	2	5324.57
13.881	1	1	1	5324.57
13.882	1	2	2	5324.57
13.921	1	1	1	5324.57
13.922	1	2	2	5324.57
13.961	1	1	1	5324.57
13.962	1	2	2	5324.57
14.001	1	1	1	5324.57
14.002	1	2	2	5324.57
14.041	1	1	1	5324.57
14.042	1	2	2	5324.57
14.081	1	1	1	5324.57
14.082	1	2	2	5324.57
14.121	1	1	1	5324.57
14.122	1	2	2	5324.57
14.161	1	1	1	5324.57
14.162	1	2	2	5324.57
14.201	1	1	1	5324.57
14.202	1	2	2	5324.57
14.241	1	1	1	5324.57
14.242	1	2	2	5324.57
14.281	1	1	1	5324.57
14.282	1	2	2	5324.57
14.321	1	1	1	5324.57
14.322	1	2	2	5324.57
14.361	1	1	1	5324.57
14.362	1	2	2	5324.57
14.401	1	1	1	5324.57
14.402	1	2	2	5324.57
14.441	1	1	1	5324.57
14.442	1	2	2	5324.57
14.481	1	1	1	5324.57
14.482	1	2	2	5324.57
14.521	1	1	1	5324.57
14.522	1	2	2	5324.57
14.561	1	1	1	5324.57
14.562	1	2	2	5324.57
14.601	1	1	1	5324.57
14.602	1	2	2	5324.57
14.641	1	1	1	5324.57
14.642	1	2	2	5324.57
14.681	1	1	1	5324.57
14.682	1	2	2	5324.57
14.721	1	1	1	5324.57
14.722	1	2	2	5324.57
14.761	1	1	1	5324.57
14.762	1	2	2	5324.57
14.801	1	1	1	5324.57
14.802	1	2	2	5324.57
14.841	1	1	1	5324.57
14.842	1	2	2	5324.57
14.881	1	1	1	5324.57
14.882	1	2	2	5324.57
14.921	1	1	1	5324.57
14.922	1	2	2	5324.57
14.961	1	1	1	5324.57
14.962	1	2	2	5324.57
